# 2024-10-13T05:35:25.232 60596.232931
4020.0 0.9364497961471147
4029.219457013575 1.0
4038.438914027149 -0.2989560304045243
4047.658371040724 -0.10747620578978011
4056.877828054299 0.17738950533010472
4066.097285067873 0.3708267263123191
4075.316742081448 0.13588309080334765
4084.5361990950228 0.08172645920581204
4093.755656108597 -0.03258309684048484
4102.975113122172 -0.09009568106166008
4112.194570135746 0.09129251842433819
4121.414027149322 0.4779337044561672
4130.633484162896 -0.035702496321464605
4139.85294117647 0.35272384070486335
4149.0723981900455 0.07854202226620335
4158.29185520362 0.1348488888708192
4167.511312217194 0.29816722009144697
4176.7307692307695 0.10047043700249668
4185.950226244344 0.258473731017785
4195.169683257918 0.3243277047322857
4204.3891402714935 0.32624005727671573
4213.608597285068 0.14853519320213743
4222.828054298642 0.02869820815213912
4232.0475113122175 0.2327701880303519
4241.266968325792 0.2014743154124912
4250.486425339366 0.09344169443902502
4259.705882352941 0.07285722573010045
4268.925339366516 0.18891887224467743
4278.14479638009 0.06522697901484786
4287.364253393665 0.06439497474800347
4296.58371040724 0.12349696424423626
4305.803167420814 0.13669316800692344
4315.022624434389 0.15980334626829107
4324.242081447964 0.08354419117039066
4333.461538461538 0.03325852674286196
4342.680995475113 0.15258298816255625
4351.900452488688 0.14278548554781947
4361.119909502262 0.11340103804323383
4370.339366515837 0.12987433939299234
4379.558823529412 0.14907102606209893
4388.778280542986 0.13084045659533008
4397.997737556561 0.13828507545437718
4407.217194570136 0.06432284991899502
4416.43665158371 0.09921810725738364
4425.656108597285 0.088995532612942
4434.87556561086 0.18031006596147459
4444.095022624434 0.18793000795200474
4453.314479638009 0.06962471542438184
4462.533936651584 0.07549727457466743
4471.753393665158 0.19866212943147024
4480.972850678733 0.11627605679040953
4490.192307692308 0.15988618573381144
4499.411764705882 0.16153750521390225
4508.631221719457 0.11246785796002952
4517.850678733032 0.09598092694773894
4527.070135746606 0.16889490063212448
4536.289592760181 0.16614938558026168
4545.509049773756 0.15986788033934649
4554.72850678733 0.08471101985090022
4563.947963800905 0.1559762547129295
4573.16742081448 0.06849604145665364
4582.386877828054 0.11639616726394175
4591.606334841629 0.15627562540798703
4600.8257918552035 0.1257644467897084
4610.045248868778 0.121098956213589
4619.264705882353 0.11636124228954567
4628.4841628959275 0.15747829366120566
4637.703619909502 0.15642729168374328
4646.923076923077 0.14723330142555502
4656.1425339366515 0.12318496397334298
4665.361990950226 0.15648687096396988
4674.581447963801 0.14173097189620176
4683.8009049773755 0.10393794708144748
4693.02036199095 0.17201259766722024
4702.239819004525 0.16604723044506742
4711.459276018099 0.14137033587254808
4720.678733031674 0.17147053289745617
4729.898190045249 0.16494599931464696
4739.117647058823 0.10953580076538234
4748.337104072398 0.07931819093814332
4757.556561085973 0.10925444706993273
4766.776018099547 0.11293104212434334
4775.995475113122 0.10264713817960966
4785.214932126697 0.08059401810873468
4794.434389140271 0.11714876317806436
4803.653846153846 0.11861007985510763
4812.873303167421 0.09393214676844704
4822.092760180995 0.057998415915281265
4831.31221719457 0.1029900670921179
4840.531674208145 0.09686180515324289
4849.751131221719 0.1108501669497572
4858.970588235294 0.06061311143399546
4868.190045248869 0.1140826632473587
4877.409502262443 0.10570687026571607
4886.628959276018 0.07092472618798162
4895.848416289593 0.11033391082442724
4905.067873303167 0.10087707102493722
4914.287330316742 0.09436861867604662
4923.506787330317 0.10623961024995851
4932.726244343891 0.08442072423508808
4941.945701357466 0.13794589162239898
4951.165158371041 0.10895371618083777
4960.384615384615 0.12145367991069005
4969.60407239819 0.11550897425025598
4978.823529411765 0.09981065987138513
4988.042986425339 0.12922394372387297
4997.262443438914 0.10889648632497216
5006.481900452489 0.130001751217669
5015.701357466063 0.147967546717497
5024.920814479638 0.09640886043749704
5034.140271493213 0.11045054720621629
5043.359728506787 0.13261634065956274
5052.579185520362 0.1279673462889229
5061.798642533937 0.11957183946834843
5071.018099547511 0.12216237044798718
5080.2375565610855 0.10953432669415644
5089.457013574661 0.11438346374326941
5098.676470588235 0.10198769276848553
5107.89592760181 0.11390962968676671
5117.115384615385 0.1190234381642923
5126.334841628959 0.1128271627548932
5135.5542986425335 0.09440920728781577
5144.773755656109 0.10257985421875751
5153.993212669683 0.09940987965424926
5163.212669683258 0.10713599521380768
5172.432126696833 0.09863515441200596
5181.651583710407 0.10191432492739746
5190.871040723981 0.11075575761135487
5200.090497737557 0.09373960956267904
5209.309954751131 0.12591413828436215
5218.529411764706 0.10999894654111496
5227.748868778281 0.1317168144974063
5236.968325791855 0.11682019909776484
5246.187782805429 0.12580959016694918
5255.407239819005 0.09811543441898288
5264.626696832579 0.10476662548649755
5273.846153846154 0.13361345404257202
5283.065610859729 0.10845533845833633
5292.285067873303 0.11180237106262078
5301.504524886877 0.10999137749355373
5310.723981900453 0.12124991226046225
5319.943438914027 0.105910771086555
5329.162895927602 0.08585590911959967
5338.382352941177 0.10777443965215024
5347.601809954751 0.10704317042015292
5356.821266968325 0.12425214466474437
5366.040723981901 0.10528509891918997
5375.260180995475 0.11245953064130997
5384.47963800905 0.11442702291692745
5393.6990950226245 0.10969382028900357
5402.918552036199 0.10966974746537766
5412.138009049773 0.10243982858283215
5421.3574660633485 0.12104669836427022
5430.576923076923 0.10966107890625842
5439.796380090498 0.12091015007133891
5449.0158371040725 0.10678256690857772
5458.235294117647 0.11989711824510438
5467.454751131221 0.1063265540486993
5476.6742081447965 0.11011130736971511
5485.893665158371 0.11830197039579864
5495.113122171946 0.10161022331309763
5504.33257918552 0.09599241575140696
5513.552036199095 0.10715416107512002
5522.771493212669 0.09392551277506768
5531.990950226244 0.0907776505378573
5541.210407239819 0.10646128241979923
5550.429864253394 0.10916539282352382
5559.649321266968 0.11650964724506187
5568.868778280543 0.08465545725640794
5578.088235294117 0.12349765600526985
5587.307692307692 0.07462361440326166
5596.527149321267 0.07884829318308825
5605.746606334842 0.08442963688525537
5614.966063348416 0.09254907948788456
5624.185520361991 0.07624059937152183
5633.404977375565 0.07723746146138603
5642.62443438914 0.06106831560773789
5651.843891402715 0.07614010727529537
5661.06334841629 0.06610887293437646
5670.282805429864 0.07562169574844232
5679.502262443439 0.0736598806382369
5688.721719457013 0.06625306512776306
5697.941176470588 0.07386361605760934
5707.160633484163 0.06746548221286906
5716.380090497738 0.07763822689812054
5725.599547511312 0.08947065697018412
5734.819004524887 0.07816649983524143
5744.038461538461 0.08934341327313101
5753.257918552036 0.08473509963050824
5762.477375565611 0.09622985918678417
5771.696832579186 0.09822230024066705
5780.91628959276 0.09880854998000488
5790.135746606335 0.10466769169528953
5799.355203619909 0.10734533493953885
5808.574660633484 0.10965486019111716
5817.794117647059 0.11822568561935565
5827.013574660634 0.10881894052165421
5836.233031674208 0.12516390904082245
5845.4524886877825 0.11107163981671855
5854.671945701357 0.11231083374032128
5863.891402714932 0.11606894167690561
5873.1108597285065 0.1201695875091727
5882.330316742082 0.12021720289010149
5891.549773755656 0.10005645559218057
5900.7692307692305 0.11233881661180405
5909.988687782805 0.10219618554443831
5919.20814479638 0.11335886967797382
5928.4276018099545 0.11926067612104406
5937.64705882353 0.10866131530286714
5946.866515837104 0.09789779075567577
5956.085972850678 0.10947469096554849
5965.305429864253 0.09581743171787559
5974.524886877828 0.10741337233134883
5983.744343891402 0.10454234859324159
5992.963800904978 0.11266632566138926
6002.183257918552 0.09555410942113945
6011.402714932126 0.10894695023699995
6020.622171945701 0.10455269100164571
6029.841628959276 0.10824026892765658
6039.06108597285 0.1145241718575647
6048.280542986426 0.10301340573281718
6057.5 0.1097809855105084
6066.719457013574 0.10541077982731827
6075.938914027149 0.09887283645777248
6085.158371040724 0.10808868138986427
6094.377828054298 0.11071454945454026
6103.597285067874 0.1023251670478028
6112.816742081448 0.10992987273257701
6122.036199095022 0.10106470590309903
6131.255656108597 0.09126566983491825
6140.475113122172 0.09190379346922906
6149.694570135746 0.09276635544301307
6158.914027149322 0.10491203599172408
6168.133484162896 0.0925628234943565
6177.35294117647 0.08095158937859537
6186.572398190045 0.08106903348683471
6195.79185520362 0.08704126199492815
6205.011312217194 0.07610574994837989
6214.2307692307695 0.07245586666902364
6223.450226244344 0.07966662580256796
6232.669683257918 0.09200560167044676
6241.889140271493 0.07816180601652747
6251.108597285068 0.07686394801802937
6260.328054298642 0.0902606816297147
6269.5475113122175 0.07270984425418334
6278.766968325792 0.08478604161292405
6287.986425339366 0.07829610612841234
6297.2058823529405 0.09090019582564944
6306.425339366516 0.05955404167612584
6315.64479638009 0.09286591678423044
6324.864253393665 0.07533477161471962
6334.08371040724 0.08369606909771979
6343.303167420814 0.07255931916277104
6352.5226244343885 0.07994617904372948
6361.742081447964 0.0791429200193092
6370.961538461538 0.06694773241568283
6380.180995475113 0.06853227651311149
6389.400452488688 0.0646693760283003
6398.619909502262 0.06601313460417485
6407.839366515836 0.065581359968083
6417.058823529412 0.07132436297516294
6426.278280542986 0.0764607047370599
6435.497737556561 0.07624618682876907
6444.717194570136 0.07068902074326573
6453.93665158371 0.07658255443703754
6463.156108597284 0.07611175092394622
6472.37556561086 0.06461009183527913
6481.595022624434 0.07379879647839793
6490.814479638009 0.08981649190771314
6500.033936651584 0.07998195698472325
6509.253393665158 0.07627263335981505
6518.472850678732 0.05870424729348966
6527.692307692308 0.0796428820874156
6536.911764705882 0.09168856644912815
6546.131221719457 0.07343544216652648
6555.350678733032 0.06966383675072164
6564.570135746606 0.07658350216838575
6573.78959276018 0.0845259779014471
6583.009049773756 0.07596648451643101
6592.22850678733 0.07181461122199863
6601.447963800905 0.08886522863125189
6610.66742081448 0.08588647551702522
6619.886877828054 0.07776138242945431
6629.106334841628 0.09284456914221355
6638.3257918552035 0.07873444307547857
6647.545248868778 0.09546089704997728
6656.764705882353 0.09581523226911677
6665.9841628959275 0.08735404419745445
6675.203619909502 0.06841106406759156
6684.423076923076 0.08607624623826879
6693.6425339366515 0.08041879967221484
6702.861990950226 0.09006229771346666
6712.081447963801 0.08041038816498725
6721.3009049773755 0.09224425272023079
6730.52036199095 0.08747094980921863
6739.739819004524 0.08427846425271898
6748.959276018099 0.08277853524997904
6758.178733031674 0.08528948640937667
6767.398190045249 0.07740366723977984
6776.617647058823 0.08259148629460034
6785.837104072398 0.0742046744118396
6795.056561085972 0.07855508036795603
6804.276018099547 0.0697050870675605
6813.495475113122 0.06690150236379977
6822.714932126697 0.0715773186973894
6831.934389140271 0.05757611298448377
6841.153846153846 0.07610037483373543
6850.37330316742 0.05909250669366544
6859.592760180995 0.05357795185157776
6868.81221719457 0.06483512046283767
6878.031674208145 0.07335089270144292
6887.251131221719 0.06892377522300394
6896.470588235294 0.06325356566447944
6905.690045248868 0.07151006064320346
6914.909502262443 0.07591934264165594
6924.128959276018 0.0658579948039115
6933.348416289593 0.07878489211099181
6942.567873303167 0.06745655952320995
6951.787330316742 0.08091087963455788
6961.006787330316 0.07475740426655485
6970.226244343891 0.07939572041946483
6979.445701357466 0.07937466597843082
6988.665158371041 0.09365068514025106
6997.884615384615 0.09436209327391912
7007.10407239819 0.08883847261823703
7016.323529411764 0.08261148384536951
7025.542986425339 0.10145205863338996
7034.762443438914 0.094028264519894
7043.981900452489 0.0869614354444734
7053.201357466063 0.0880369487588294
7062.420814479638 0.08240545194866145
7071.640271493212 0.07776924667037755
7080.859728506787 0.09556539626664295
7090.0791855203615 0.07492324210057685
7099.298642533937 0.08233569136952396
7108.518099547511 0.06341533530003544
7117.7375565610855 0.09027674841022373
7126.95701357466 0.08178487049696971
7136.176470588235 0.07597759802657303
7145.3959276018095 0.08456922354769543
7154.615384615385 0.08195274783437603
7163.834841628959 0.07592230138567065
7173.0542986425335 0.08739427503243472
7182.273755656108 0.07600927372533421
7191.493212669683 0.07980709445415736
7200.712669683257 0.08249617949627379
7209.932126696833 0.08026798126835008
7219.151583710407 0.07157841113183942
7228.371040723981 0.07588230411940312
7237.590497737556 0.10525859600690951
7246.809954751131 0.08479913514237478
7256.029411764705 0.09360514210928739
7265.248868778281 0.07862961239568549
7274.468325791855 0.09170649518228571
7283.687782805429 0.0750614000550026
7292.907239819004 0.08683996338687126
7302.126696832579 0.08654095869547783
7311.346153846153 0.06911952829839044
7320.565610859729 0.0878796566787049
7329.785067873303 0.08933830193318852
7339.004524886877 0.09270632107696843
7348.223981900452 0.1130946816693095
7357.443438914027 0.08297334372896027
7366.662895927601 0.07976075071285767
7375.882352941177 0.06523597201704358
7385.101809954751 0.060008626333492396
7394.321266968325 0.062173463373503234
7403.5407239819 0.06675777530548661
7412.760180995475 0.06055582453851637
7421.979638009049 0.06344975193919045
7431.1990950226245 0.06973307364420145
7440.418552036199 0.06635221126827719
7449.638009049773 0.06941509056690566
7458.857466063348 0.07716868035894778
7468.076923076923 0.06137109287974183
7477.296380090497 0.0727607452942169
7486.5158371040725 0.07363614033688562
7495.735294117647 0.08595253546798662
7504.954751131221 0.05528386300007516
7514.174208144796 0.04898952686263286
7523.393665158371 0.05787450689638548
7532.613122171945 0.041759736181891376
7541.83257918552 0.055127248744752236
7551.052036199095 0.057370038207477915
7560.271493212669 0.05298655181017183
7569.4909502262435 0.05191360815447626
7578.710407239819 0.0531851392795864
7587.929864253394 0.04910625977025851
7597.149321266968 0.023447602890723274
7606.368778280543 0.04934829922177593
7615.588235294117 0.1007522201489839
7624.8076923076915 0.062409645273909804
7634.027149321267 0.06408297742952918
7643.246606334842 0.05382824861150354
7652.466063348416 0.079299170068936
7661.685520361991 0.0928906787115825
7670.904977375565 0.057903191247217996
7680.124434389139 0.07259518823382072
7689.343891402715 0.0663199205285319
7698.56334841629 0.07946914374041272
7707.782805429864 0.09912555063769186
7717.002262443439 0.09619863914771974
7726.221719457013 0.09169818540975373
7735.441176470587 0.09019234314762542
7744.660633484163 0.06978870498005228
7753.880090497738 0.04896554958514163
7763.099547511312 0.040536905288981344
7772.319004524887 0.041827542295436525
7781.538461538461 0.08438032608202067
7790.757918552035 0.08338737340350912
7799.977375565611 0.08290166320048997
7809.196832579186 0.07038195868936337
7818.41628959276 0.049763341973872
7827.635746606335 0.04258169582415217
7836.855203619909 0.0652887564901902
7846.074660633483 0.06655897355190424
7855.294117647059 0.06105439173784122
7864.513574660634 0.03907081729461416
7873.733031674208 0.059872129013006314
7882.9524886877825 0.0640729692021959
7892.171945701357 0.061013619394269705
7901.391402714931 0.07739614882783033
7910.6108597285065 0.04730501696499359
7919.830316742082 0.017787196232608975
7929.049773755656 0.07407751771385049
7938.2692307692305 0.07525200209348415
7947.488687782805 0.08271577900990534
7956.708144796379 0.04423919170993497
7965.9276018099545 0.09950479893180514
7975.14705882353 0.0528780286039886
7984.366515837104 0.03105555203941245
7993.585972850678 0.011864552534742718
8002.805429864253 0.08659529612166775
8012.024886877827 0.08697457073539505
8021.244343891402 0.044912788659896986
8030.463800904978 0.02332551183678263
8039.683257918552 0.055066557844232485
8048.902714932126 0.0972484775335625
8058.122171945701 0.05487601134518202
8067.341628959275 0.05391181999361917
8076.56108597285 0.04497871657539232
8085.780542986426 0.04559562091526096
8095.0 0.04897290707087516
